10
15
18
19
22
25
25
25
24
16
12
9
18
25
30
32
35
36
39
39
41
29
21
17
33
41
46
48
52
50
49
48
51
40
31
28
56
77
90
93
95
99
100
100
106
77
59
50
89
120
140
145
152
153
155
157
161
113
86
73
132
172
189
204
209
210
212
220
226
166
131
110
202
260
295
322
334
338
348
356
362
261
200
166
325
433
497
526
554
571
583
588
606
432
327
269
489
632
720
772
807
826
853
854
878
643
495
415
727
932
1062
1154
1203
1220
1232
1232
1265
933
730
620
1201
1580
1791
1935
2016
2082
2126
2148
2186
1580
1230
1038
1914
2514
2880
3097
3236
3331
3392
3461
3528
2566
1991
1676
3109
4082
4655
4961
5187
5330
5493
5598
5667
4100
3179
2667
4957
6479
7396
7961
8296
8550
8743
8893
9067
6539
5052
4246
7849
10207
11604
12465
12945
13302
13564
13839
14066
10198
7866
6601
12219
15955
18270
19586
20369
20849
21244
21723
22126
15993
12414
10459
19500
25589
29315
31473
32712
33566
34236
34746
35307
25509
19755
16596
30551
39834
45468
48806
50727
52084
53228
54127
55091
39798
30851
25948
47613
62073
70946
76074
79002
81023
82605
84095
85669
62075
48128
40548
74427
96978
110693
118714
123562
126816
129327
131680
133945
96998
75214
63401